(1.5,17),(2.5,16.5),(3.5,16),(4,15),(4,13.5),(3.7,12.5),(3,10),(2.7,8),(2.2,6),(2,5),(1.8,4),(2,3),(2.5,2.2),(3,2),(4,1),(5,0)
(16, 0), (17, 6), (17.2, 8.4), (17, 10), (17, 12), (16.5, 13.5), (16.2, 15), (15, 20),(15,21), (15, 22.4),(15,25), (15, 27.9), (15, 23.8),(15,30),(15,31.6)
(5,0), (10,5), (13.6,5.5),(17,6), (20,6.5),(23.8,6.9), (26,7)
(18.5,0), (18.6,2.5), (24,3)
(24,3), (23.8,6.9)
(17.2,8.4), (26,8.8)
(17,10)	,(26,10)
(17,12),(26,12.3)
(16.5,13.5)	,(26,14)
(16.2,15)	,(26,16)
(17.7,16.8)	,(17.5,18)	,(26,19)
(20,20)	,(22,17),(26,17.5)
(15,20),	(22.5,20),	(23,21.5),	(22,23),(21.7,25),	(20,30),	(20,31.6)
(17.8,20),	(17.7,24),	(19.3,24.3)	,(18.5,25),	(15,25)
(15,22.4),	(22,23)
(1.5,27.4),	(11.5,31.6),(15,31.6)
(1.5,25.9),	(5,26.1),	(8.5,28),	(15,27.9)
(1.5,23),	(5,23.9)	,(7,25),(9.3,26.5),	(8.5,28)
(1.5,19), (4,19) , (7.5,22), (9,24)
(1.5,23), (5,22.4),(6.5,22), (10,21), (11,21), (15,21)
(1.5,21), (4,19), (8,18), (10,18), (12.5,18), (15.5,18)
(4,19),	(5,17.8),	(8,17),	(8,18)
(1.5,13),	(4,13.5),	(7.5,13.8),	(9,14),	(12,23)
(7.5,13.8),	(7.5,12),	(6.7,11.7),	(6.7,10)
(13.6,5.5),(13.5,10),(13,13.7),	(12.5,18)












